MEMORY
  total            14.2 MB
  struct          159.0 KB
  buffer           48.2 KB
  arena            14.0 MB, used 0.2%

SIZES
  narena                14680064
  nbuffer               49312
  nplugin               0
  maxuse_stack          13900
  maxuse_arena          36444
  maxuse_con            4
  maxuse_efc            18
  solver_nisland        1
  ncon                  4
  ne                    0
  nf                    0
  nl                    0
  nefc                  16
  nJ                    160
  nA                    0
  nisland               0
  threadpool            0

TIMER
    0:  duration =  11         number = 18
    1:  duration =  11         number = 72
    2:  duration =  0          number = 0
    3:  duration =  6.1        number = 72
    4:  duration =  1          number = 72
    5:  duration =  0.1        number = 72
    6:  duration =  2.3        number = 72
    7:  duration =  0          number = 0
    8:  duration =  2          number = 72
    9:  duration =  0.36       number = 72
    10:  duration =  2.8        number = 72
    11:  duration =  0.78       number = 72
    12:  duration =  0.018      number = 72
    13:  duration =  1.4        number = 72
    14:  duration =  1.4        number = 72

SOLVER STAT
  solver_nisland = 1
  solver_fwdinv =   0         0       
  ISLAND 0
    solver_niter = 2
    solver_nnz = 100
      0:  improvement =  1.6         gradient =  9.3         lineslope =  0       
          nactive = 4   nchange = 2   neval = 7   nupdate = 2
      1:  improvement =  0.012       gradient =  2.4e-15     lineslope =  0       
          nactive = 4   nchange = 0   neval = 2   nupdate = 0

ENERGY =   0         0       

TIME =  6.7     

QPOS
   1.2     
  -2.4e-15 
   0.36    
  -1.1e-13 
  -5.7e-06 
   5.2e-17 
   1       
   2.9     
   0.34    
   2.9     
   0.34    

QVEL
   0.027   
   6.7e-15 
  -0.00044 
   3.4e-16 
   0.0019  
   3.4e-13 
  -0.034   
  -0.041   
  -0.034   
  -0.041   

QACC_WARMSTART
  -0.36    
  -1.2e-14 
   0.88    
   2.2e-12 
  -1.2     
  -9.7e-15 
  -0.058   
   0.36    
  -0.058   
   0.36    

CTRL
   0       
   0       
   0       
   0       

QFRC_APPLIED
   0       
   0       
   0       
   0       
   0       
   0       
   0       
   0       
   0       
   0       

XFRC_APPLIED
   0         0         0         0         0         0       
   0         0         0         0         0         0       
   0         0         0         0         0         0       
   0         0         0         0         0         0       
   0         0         0         0         0         0       
   0         0         0         0         0         0       
   0         0         0         0         0         0       
   0         0         0         0         0         0       
   0         0         0         0         0         0       
   0         0         0         0         0         0       
   0         0         0         0         0         0       
   0         0         0         0         0         0       
   0         0         0         0         0         0       
   0         0         0         0         0         0       
   0         0         0         0         0         0       
   0         0         0         0         0         0       
   0         0         0         0         0         0       
   0         0         0         0         0         0       
   0         0         0         0         0         0       
   0         0         0         0         0         0       
   0         0         0         0         0         0       
   0         0         0         0         0         0       
   0         0         0         0         0         0       
   0         0         0         0         0         0       
   0         0         0         0         0         0       
   0         0         0         0         0         0       
   0         0         0         0         0         0       
   0         0         0         0         0         0       
   0         0         0         0         0         0       
   0         0         0         0         0         0       
   0         0         0         0         0         0       
   0         0         0         0         0         0       
   0         0         0         0         0         0       
   0         0         0         0         0         0       
   0         0         0         0         0         0       
   0         0         0         0         0         0       
   0         0         0         0         0         0       
   0         0         0         0         0         0       
   0         0         0         0         0         0       
   0         0         0         0         0         0       
   0         0         0         0         0         0       
   0         0         0         0         0         0       
   0         0         0         0         0         0       
   0         0         0         0         0         0       
   0         0         0         0         0         0       
   0         0         0         0         0         0       

QACC
  -0.36    
  -1.2e-14 
   0.88    
   2.2e-12 
  -1.2     
  -9.7e-15 
  -0.058   
   0.36    
  -0.058   
   0.36    

SENSOR
   0.23    
  -9.6e-14 
   12      
  -3.6e-16 
   0.0054  
   3.4e-13 
  -1       
  -1       
  -1       
  -1       
  -1       
  -1       
  -1       
  -1       
  -1       
  -1       
  -1       
  -1       
  -1       
  -1       
  -1       
  -1       
  -1       
  -1       
  -1       
  -1       
  -1       

XPOS
   0         0         0       
   0         0         0       
   0         0         0       
   0         0         0       
   0         0         0       
   0         0         0       
   0         0         0       
   0         0         0       
   0         0         0       
   0         0         0       
   0         0         0       
   0         0         0       
   0         0         0       
   0         0         0       
   0         0         0       
   0         0         0       
   0         0         0       
   0         0         0       
   0         0         0       
   0         0         0       
   0         0         0       
   0         0         0       
   0         0         0       
   0         0         0       
   0         0         0       
   0         0         0       
   0         0         0       
   0         0         0       
   0         0         0       
   0         0         0       
   0         0         0       
   0         0         0       
   0         0         0       
   0         0         0       
   0         0         0       
   0         0         0       
   0         0         0       
   0         0         0       
   0         0         0       
   0         0         0       
   0         0         0       
   1.2      -2.4e-15   0.36    
   0.43     -0.7       0.56    
   1.2      -0.87      0.56    
   0.43      0.7       0.56    
   1.2       0.87      0.56    

XQUAT
   1         0         0         0       
   1         0         0         0       
   1         0         0         0       
   1         0         0         0       
   1         0         0         0       
   1         0         0         0       
   1         0         0         0       
   1         0         0         0       
   1         0         0         0       
   1         0         0         0       
   1         0         0         0       
   1         0         0         0       
   1         0         0         0       
   1         0         0         0       
   1         0         0         0       
   1         0         0         0       
   1         0         0         0       
   1         0         0         0       
   1         0         0         0       
   1         0         0         0       
   1         0         0         0       
   1         0         0         0       
   1         0         0         0       
   1         0         0         0       
   1         0         0         0       
   1         0         0         0       
   1         0         0         0       
   1         0         0         0       
   1         0         0         0       
   1         0         0         0       
   1         0         0         0       
   1         0         0         0       
   1         0         0         0       
   1         0         0         0       
   1         0         0         0       
   1         0         0         0       
   1         0         0         0       
   1         0         0         0       
   1         0         0         0       
   1         0         0         0       
   1         0         0         0       
  -1.1e-13  -6e-06     5.2e-17   1       
  -0.99     -6.3e-07   6e-06     0.1     
  -1         3.9e-07   6e-06    -0.065   
   0.99     -6.3e-07  -6e-06     0.1     
   1         3.9e-07  -6e-06    -0.065   

XMAT
   1         0         0         0         1         0         0         0         1       
   1         0         0         0         1         0         0         0         1       
   1         0         0         0         1         0         0         0         1       
   1         0         0         0         1         0         0         0         1       
   1         0         0         0         1         0         0         0         1       
   1         0         0         0         1         0         0         0         1       
   1         0         0         0         1         0         0         0         1       
   1         0         0         0         1         0         0         0         1       
   1         0         0         0         1         0         0         0         1       
   1         0         0         0         1         0         0         0         1       
   1         0         0         0         1         0         0         0         1       
   1         0         0         0         1         0         0         0         1       
   1         0         0         0         1         0         0         0         1       
   1         0         0         0         1         0         0         0         1       
   1         0         0         0         1         0         0         0         1       
   1         0         0         0         1         0         0         0         1       
   1         0         0         0         1         0         0         0         1       
   1         0         0         0         1         0         0         0         1       
   1         0         0         0         1         0         0         0         1       
   1         0         0         0         1         0         0         0         1       
   1         0         0         0         1         0         0         0         1       
   1         0         0         0         1         0         0         0         1       
   1         0         0         0         1         0         0         0         1       
   1         0         0         0         1         0         0         0         1       
   1         0         0         0         1         0         0         0         1       
   1         0         0         0         1         0         0         0         1       
   1         0         0         0         1         0         0         0         1       
   1         0         0         0         1         0         0         0         1       
   1         0         0         0         1         0         0         0         1       
   1         0         0         0         1         0         0         0         1       
   1         0         0         0         1         0         0         0         1       
   1         0         0         0         1         0         0         0         1       
   1         0         0         0         1         0         0         0         1       
   1         0         0         0         1         0         0         0         1       
   1         0         0         0         1         0         0         0         1       
   1         0         0         0         1         0         0         0         1       
   1         0         0         0         1         0         0         0         1       
   1         0         0         0         1         0         0         0         1       
   1         0         0         0         1         0         0         0         1       
   1         0         0         0         1         0         0         0         1       
   1         0         0         0         1         0         0         0         1       
  -1         2.2e-13  -1.2e-05  -2.2e-13  -1         1e-16    -1.2e-05   1.1e-16   1       
   0.98      0.21     -1.2e-05  -0.21      0.98      1e-16     1.2e-05   2.5e-06   1       
   0.99     -0.13     -1.2e-05   0.13      0.99      1e-16     1.2e-05  -1.6e-06   1       
   0.98     -0.21     -1.2e-05   0.21      0.98      1e-16     1.2e-05  -2.5e-06   1       
   0.99      0.13     -1.2e-05  -0.13      0.99      1e-16     1.2e-05   1.6e-06   1       

XIPOS
   0         0         0       
  -4        -1.6       1.2     
   1        -1.6       1.2     
   6        -1.6       1.2     
   11       -1.6       1.2     
   16       -1.6       1.2     
   21       -1.6       1.2     
   26       -1.6       1.2     
   31       -1.6       1.2     
   36       -1.6       1.2     
   41       -1.6       1.2     
   46       -1.6       1.2     
   51       -1.6       1.2     
   56       -1.6       1.2     
   61       -1.6       1.2     
   66       -1.6       1.2     
   71       -1.6       1.2     
   76       -1.6       1.2     
   81       -1.6       1.2     
   86       -1.6       1.2     
   91       -1.6       1.2     
  -4         1.6       1.2     
   1         1.6       1.2     
   6         1.6       1.2     
   11        1.6       1.2     
   16        1.6       1.2     
   21        1.6       1.2     
   26        1.6       1.2     
   31        1.6       1.2     
   36        1.6       1.2     
   41        1.6       1.2     
   46        1.6       1.2     
   51        1.6       1.2     
   56        1.6       1.2     
   61        1.6       1.2     
   66        1.6       1.2     
   71        1.6       1.2     
   76        1.6       1.2     
   81        1.6       1.2     
   86        1.6       1.2     
   91        1.6       1.2     
   1.2      -2.4e-15   0.36    
   0.73     -0.76      0.56    
   1.5      -0.83      0.56    
   0.73      0.76      0.56    
   1.5       0.83      0.56    

XIMAT
   1         0         0         0         1         0         0         0         1       
   1         0         0         0         1         0         0         0         1       
   1         0         0         0         1         0         0         0         1       
   1         0         0         0         1         0         0         0         1       
   1         0         0         0         1         0         0         0         1       
   1         0         0         0         1         0         0         0         1       
   1         0         0         0         1         0         0         0         1       
   1         0         0         0         1         0         0         0         1       
   1         0         0         0         1         0         0         0         1       
   1         0         0         0         1         0         0         0         1       
   1         0         0         0         1         0         0         0         1       
   1         0         0         0         1         0         0         0         1       
   1         0         0         0         1         0         0         0         1       
   1         0         0         0         1         0         0         0         1       
   1         0         0         0         1         0         0         0         1       
   1         0         0         0         1         0         0         0         1       
   1         0         0         0         1         0         0         0         1       
   1         0         0         0         1         0         0         0         1       
   1         0         0         0         1         0         0         0         1       
   1         0         0         0         1         0         0         0         1       
   1         0         0         0         1         0         0         0         1       
   1         0         0         0         1         0         0         0         1       
   1         0         0         0         1         0         0         0         1       
   1         0         0         0         1         0         0         0         1       
   1         0         0         0         1         0         0         0         1       
   1         0         0         0         1         0         0         0         1       
   1         0         0         0         1         0         0         0         1       
   1         0         0         0         1         0         0         0         1       
   1         0         0         0         1         0         0         0         1       
   1         0         0         0         1         0         0         0         1       
   1         0         0         0         1         0         0         0         1       
   1         0         0         0         1         0         0         0         1       
   1         0         0         0         1         0         0         0         1       
   1         0         0         0         1         0         0         0         1       
   1         0         0         0         1         0         0         0         1       
   1         0         0         0         1         0         0         0         1       
   1         0         0         0         1         0         0         0         1       
   1         0         0         0         1         0         0         0         1       
   1         0         0         0         1         0         0         0         1       
   1         0         0         0         1         0         0         0         1       
   1         0         0         0         1         0         0         0         1       
  -1         2.2e-13  -1.2e-05  -2.2e-13  -1         1e-16    -1.2e-05   1.1e-16   1       
  -1.2e-05   0.21     -0.98      6.9e-17   0.98      0.21      1         2.5e-06  -1.2e-05 
  -1.2e-05  -0.13     -0.99      1.2e-16   0.99     -0.13      1        -1.6e-06  -1.2e-05 
  -1.2e-05  -0.21     -0.98      1.2e-16   0.98     -0.21      1        -2.5e-06  -1.2e-05 
  -1.2e-05   0.13     -0.99      8.3e-17   0.99      0.13      1         1.6e-06  -1.2e-05 

XANCHOR
   1.2      -2.4e-15   0.36    
   0.43     -0.7       0.56    
   1.2      -0.87      0.56    
   0.43      0.7       0.56    
   1.2       0.87      0.56    

XAXIS
   0         0         1       
  -1.2e-05   1e-16     1       
  -1.2e-05   1e-16     1       
   1.2e-05  -1e-16    -1       
   1.2e-05  -1e-16    -1       

GEOM_XPOS
   0         0         0       
  -4        -1.6       1.2     
   1        -1.6       1.2     
   6        -1.6       1.2     
   11       -1.6       1.2     
   16       -1.6       1.2     
   21       -1.6       1.2     
   26       -1.6       1.2     
   31       -1.6       1.2     
   36       -1.6       1.2     
   41       -1.6       1.2     
   46       -1.6       1.2     
   51       -1.6       1.2     
   56       -1.6       1.2     
   61       -1.6       1.2     
   66       -1.6       1.2     
   71       -1.6       1.2     
   76       -1.6       1.2     
   81       -1.6       1.2     
   86       -1.6       1.2     
   91       -1.6       1.2     
  -4         1.6       1.2     
   1         1.6       1.2     
   6         1.6       1.2     
   11        1.6       1.2     
   16        1.6       1.2     
   21        1.6       1.2     
   26        1.6       1.2     
   31        1.6       1.2     
   36        1.6       1.2     
   41        1.6       1.2     
   46        1.6       1.2     
   51        1.6       1.2     
   56        1.6       1.2     
   61        1.6       1.2     
   66        1.6       1.2     
   71        1.6       1.2     
   76        1.6       1.2     
   81        1.6       1.2     
   86        1.6       1.2     
   91        1.6       1.2     
   1.2      -2.4e-15   0.36    
   0.73     -0.76      0.56    
   1.5      -0.83      0.56    
   0.73      0.76      0.56    
   1.5       0.83      0.56    

GEOM_XMAT
   1         0         0         0         1         0         0         0         1       
   1         0         0         0         1         0         0         0         1       
   1         0         0         0         1         0         0         0         1       
   1         0         0         0         1         0         0         0         1       
   1         0         0         0         1         0         0         0         1       
   1         0         0         0         1         0         0         0         1       
   1         0         0         0         1         0         0         0         1       
   1         0         0         0         1         0         0         0         1       
   1         0         0         0         1         0         0         0         1       
   1         0         0         0         1         0         0         0         1       
   1         0         0         0         1         0         0         0         1       
   1         0         0         0         1         0         0         0         1       
   1         0         0         0         1         0         0         0         1       
   1         0         0         0         1         0         0         0         1       
   1         0         0         0         1         0         0         0         1       
   1         0         0         0         1         0         0         0         1       
   1         0         0         0         1         0         0         0         1       
   1         0         0         0         1         0         0         0         1       
   1         0         0         0         1         0         0         0         1       
   1         0         0         0         1         0         0         0         1       
   1         0         0         0         1         0         0         0         1       
   1         0         0         0         1         0         0         0         1       
   1         0         0         0         1         0         0         0         1       
   1         0         0         0         1         0         0         0         1       
   1         0         0         0         1         0         0         0         1       
   1         0         0         0         1         0         0         0         1       
   1         0         0         0         1         0         0         0         1       
   1         0         0         0         1         0         0         0         1       
   1         0         0         0         1         0         0         0         1       
   1         0         0         0         1         0         0         0         1       
   1         0         0         0         1         0         0         0         1       
   1         0         0         0         1         0         0         0         1       
   1         0         0         0         1         0         0         0         1       
   1         0         0         0         1         0         0         0         1       
   1         0         0         0         1         0         0         0         1       
   1         0         0         0         1         0         0         0         1       
   1         0         0         0         1         0         0         0         1       
   1         0         0         0         1         0         0         0         1       
   1         0         0         0         1         0         0         0         1       
   1         0         0         0         1         0         0         0         1       
   1         0         0         0         1         0         0         0         1       
  -1         2.2e-13  -1.2e-05  -2.2e-13  -1         1e-16    -1.2e-05   1.1e-16   1       
  -1.2e-05   0.21     -0.98      6.9e-17   0.98      0.21      1         2.5e-06  -1.2e-05 
  -1.2e-05  -0.13     -0.99      1.2e-16   0.99     -0.13      1        -1.6e-06  -1.2e-05 
  -1.2e-05  -0.21     -0.98      1.2e-16   0.98     -0.21      1        -2.5e-06  -1.2e-05 
  -1.2e-05   0.13     -0.99      8.3e-17   0.99      0.13      1         1.6e-06  -1.2e-05 

SITE_XPOS
   1.2      -2.4e-15   0.44    
   0.33     -2e-13     0.18    
   0.33     -2e-13     0.18    
   0.33     -2e-13     0.18    
   0.33     -2e-13     0.18    
   0.33     -2e-13     0.18    
   0.33     -2e-13     0.18    
   0.33     -2e-13     0.18    
   0.33     -2e-13     0.18    
   0.33     -2e-13     0.18    
   0.33     -2e-13     0.18    
   0.33     -2e-13     0.18    
   0.33     -2e-13     0.18    
   0.33     -2e-13     0.18    
   0.33     -2e-13     0.18    
   0.33     -2e-13     0.18    
   0.33     -2e-13     0.18    
   0.33     -2e-13     0.18    
   0.33     -2e-13     0.18    
   0.33     -2e-13     0.18    
   0.33     -2e-13     0.18    
   0.33     -2e-13     0.18    

SITE_XMAT
  -1         2.2e-13  -1.2e-05  -2.2e-13  -1         1e-16    -1.2e-05   1.1e-16   1       
  -0.97     -0.17     -0.17     -0.17     -0.03      0.98     -0.17      0.98     -6.4e-05 
  -0.9      -0.29     -0.31     -0.29     -0.095     0.95     -0.31      0.95     -1.2e-05 
  -0.81     -0.39     -0.44     -0.39     -0.19      0.9      -0.44      0.9       2.5e-05 
  -0.69     -0.46     -0.56     -0.46     -0.31      0.83     -0.56      0.83      1.2e-05 
  -0.55     -0.5      -0.67     -0.5      -0.45      0.74     -0.67      0.74      8.5e-06 
  -0.41     -0.49     -0.77     -0.49     -0.59      0.64     -0.77      0.64     -2.8e-05 
  -0.28     -0.45     -0.85     -0.45     -0.72      0.53     -0.85      0.53     -6e-05   
  -0.17     -0.37     -0.91     -0.37     -0.83      0.41     -0.91      0.41     -5e-05   
  -0.076    -0.26     -0.96     -0.26     -0.92      0.28     -0.96      0.28      7.2e-07 
  -0.019    -0.14     -0.99     -0.14     -0.98      0.14     -0.99      0.14      1.6e-05 
   1.2e-05   2.2e-13  -1        -1e-16    -1        -2.2e-13  -1         1.1e-16  -1.2e-05 
  -0.019     0.14     -0.99      0.14     -0.98     -0.14     -0.99     -0.14      1.6e-05 
  -0.076     0.26     -0.96      0.26     -0.92     -0.28     -0.96     -0.28      7.2e-07 
  -0.17      0.37     -0.91      0.37     -0.83     -0.41     -0.91     -0.41     -5e-05   
  -0.28      0.45     -0.85      0.45     -0.72     -0.53     -0.85     -0.53     -6e-05   
  -0.41      0.49     -0.77      0.49     -0.59     -0.64     -0.77     -0.64     -2.8e-05 
  -0.55      0.5      -0.67      0.5      -0.45     -0.74     -0.67     -0.74      8.5e-06 
  -0.69      0.46     -0.56      0.46     -0.31     -0.83     -0.56     -0.83      1.2e-05 
  -0.81      0.39     -0.44      0.39     -0.19     -0.9      -0.44     -0.9       2.5e-05 
  -0.9       0.29     -0.31      0.29     -0.095    -0.95     -0.31     -0.95     -1.2e-05 
  -0.97      0.17     -0.17      0.17     -0.03     -0.98     -0.17     -0.98     -6.4e-05 

CAM_XPOS
   0.046    -2         0.5     
   1.2      -3.6e-16   20      

CAM_XMAT
   1         0         0         0         2.2e-16  -1         0         1         2.2e-16 
  -2.2e-13  -1        -1.2e-05   1        -2.2e-13   1e-16    -1.1e-16  -1.2e-05   1       

LIGHT_XPOS
   0         0         5       

LIGHT_XDIR
   0         0        -1       

SUBTREE_COM
   42       -3.2e-17   1.2     
  -4        -1.6       1.2     
   1        -1.6       1.2     
   6        -1.6       1.2     
   11       -1.6       1.2     
   16       -1.6       1.2     
   21       -1.6       1.2     
   26       -1.6       1.2     
   31       -1.6       1.2     
   36       -1.6       1.2     
   41       -1.6       1.2     
   46       -1.6       1.2     
   51       -1.6       1.2     
   56       -1.6       1.2     
   61       -1.6       1.2     
   66       -1.6       1.2     
   71       -1.6       1.2     
   76       -1.6       1.2     
   81       -1.6       1.2     
   86       -1.6       1.2     
   91       -1.6       1.2     
  -4         1.6       1.2     
   1         1.6       1.2     
   6         1.6       1.2     
   11        1.6       1.2     
   16        1.6       1.2     
   21        1.6       1.2     
   26        1.6       1.2     
   31        1.6       1.2     
   36        1.6       1.2     
   41        1.6       1.2     
   46        1.6       1.2     
   51        1.6       1.2     
   56        1.6       1.2     
   61        1.6       1.2     
   66        1.6       1.2     
   71        1.6       1.2     
   76        1.6       1.2     
   81        1.6       1.2     
   86        1.6       1.2     
   91        1.6       1.2     
   1.2      -9.2e-16   0.39    
   1.1      -0.8       0.56    
   1.5      -0.83      0.56    
   1.1       0.8       0.56    
   1.5       0.83      0.56    

CDOF
   0         0         0         1         0         0       
   0         0         0         0         1         0       
   0         0         0         0         0         1       
  -1        -2.2e-13  -1.2e-05  -6.6e-15   0.03     -5.3e-15 
   2.2e-13  -1         1.1e-16  -0.03     -6.6e-15  -0.017   
  -1.2e-05   1e-16     1        -1.5e-15  -0.017     1.7e-18 
  -1.2e-05   1e-16     1        -0.7       0.78     -8.4e-06 
  -1.2e-05   1e-16     1        -0.87      0.00069  -1e-05   
   1.2e-05  -1e-16    -1        -0.7      -0.78     -8.4e-06 
   1.2e-05  -1e-16    -1        -0.87     -0.00069  -1e-05   

CINERT
   0         0         0         0         0         0         0         0         0         0       
   21        21        0.49      0         0         0         0         0         0         16      
   21        21        0.49      0         0         0         0         0         0         16      
   21        21        0.49      0         0         0         1.4e-14   0         0         16      
   21        21        0.49      0         0         0         0         0         0         16      
   21        21        0.49      0         0         0         0         0         0         16      
   21        21        0.49      0         0         0         0         0         0         16      
   21        21        0.49      0         0         0         5.6e-14   0         0         16      
   21        21        0.49      0         0         0         0         0         0         16      
   21        21        0.49      0         0         0         0         0         0         16      
   21        21        0.49      0         0         0         0         0         0         16      
   21        21        0.49      0         0         0         0         0         0         16      
   21        21        0.49      0         0         0         0         0         0         16      
   21        21        0.49      0         0         0         0         0         0         16      
   21        21        0.49      0         0         0         0         0         0         16      
   21        21        0.49      0         0         0         2.2e-13   0         0         16      
   21        21        0.49      0         0         0         0         0         0         16      
   21        21        0.49      0         0         0         0         0         0         16      
   21        21        0.49      0         0         0         2.2e-13   0         0         16      
   21        21        0.49      0         0         0         0         0         0         16      
   21        21        0.49      0         0         0         0         0         0         16      
   21        21        0.49      0         0         0         0         0         0         16      
   21        21        0.49      0         0         0         0         0         0         16      
   21        21        0.49      0         0         0         1.4e-14   0         0         16      
   21        21        0.49      0         0         0         0         0         0         16      
   21        21        0.49      0         0         0         0         0         0         16      
   21        21        0.49      0         0         0         0         0         0         16      
   21        21        0.49      0         0         0         5.6e-14   0         0         16      
   21        21        0.49      0         0         0         0         0         0         16      
   21        21        0.49      0         0         0         0         0         0         16      
   21        21        0.49      0         0         0         0         0         0         16      
   21        21        0.49      0         0         0         0         0         0         16      
   21        21        0.49      0         0         0         0         0         0         16      
   21        21        0.49      0         0         0         0         0         0         16      
   21        21        0.49      0         0         0         0         0         0         16      
   21        21        0.49      0         0         0         2.2e-13   0         0         16      
   21        21        0.49      0         0         0         0         0         0         16      
   21        21        0.49      0         0         0         0         0         0         16      
   21        21        0.49      0         0         0         2.2e-13   0         0         16      
   21        21        0.49      0         0         0         0         0         0         16      
   21        21        0.49      0         0         0         0         0         0         16      
   3.3       8.1       9.2      -1.1e-12   0.013    -1.1e-15   0.44     -3.9e-14  -0.77      26      
   0.7       0.37      1        -0.41      0.094     0.15     -0.55     -0.86      0.19      1.1     
   0.82      0.2       0.94      0.27     -0.057     0.16      0.34     -0.94      0.19      1.1     
   0.7       0.37      1         0.41      0.094    -0.15     -0.55      0.86      0.19      1.1     
   0.82      0.2       0.94     -0.27     -0.057    -0.16      0.34      0.94      0.19      1.1     

ACTUATOR_LENGTH
   1.2e+03 
   1.4e+02 
   1.2e+03 
   1.4e+02 

actuator_moment
------------
       x    |
        x   |
         x  |
          x |
------------

ACTUATOR_MOMENT
     6:  4e+02   
     7:  4e+02   
     8:  4e+02   
     9:  4e+02   

CRB
   0         0         0         0         0         0         0         0         0         0       
   21        21        0.49      0         0         0         0         0         0         16      
   21        21        0.49      0         0         0         0         0         0         16      
   21        21        0.49      0         0         0         1.4e-14   0         0         16      
   21        21        0.49      0         0         0         0         0         0         16      
   21        21        0.49      0         0         0         0         0         0         16      
   21        21        0.49      0         0         0         0         0         0         16      
   21        21        0.49      0         0         0         5.6e-14   0         0         16      
   21        21        0.49      0         0         0         0         0         0         16      
   21        21        0.49      0         0         0         0         0         0         16      
   21        21        0.49      0         0         0         0         0         0         16      
   21        21        0.49      0         0         0         0         0         0         16      
   21        21        0.49      0         0         0         0         0         0         16      
   21        21        0.49      0         0         0         0         0         0         16      
   21        21        0.49      0         0         0         0         0         0         16      
   21        21        0.49      0         0         0         2.2e-13   0         0         16      
   21        21        0.49      0         0         0         0         0         0         16      
   21        21        0.49      0         0         0         0         0         0         16      
   21        21        0.49      0         0         0         2.2e-13   0         0         16      
   21        21        0.49      0         0         0         0         0         0         16      
   21        21        0.49      0         0         0         0         0         0         16      
   21        21        0.49      0         0         0         0         0         0         16      
   21        21        0.49      0         0         0         0         0         0         16      
   21        21        0.49      0         0         0         1.4e-14   0         0         16      
   21        21        0.49      0         0         0         0         0         0         16      
   21        21        0.49      0         0         0         0         0         0         16      
   21        21        0.49      0         0         0         0         0         0         16      
   21        21        0.49      0         0         0         5.6e-14   0         0         16      
   21        21        0.49      0         0         0         0         0         0         16      
   21        21        0.49      0         0         0         0         0         0         16      
   21        21        0.49      0         0         0         0         0         0         16      
   21        21        0.49      0         0         0         0         0         0         16      
   21        21        0.49      0         0         0         0         0         0         16      
   21        21        0.49      0         0         0         0         0         0         16      
   21        21        0.49      0         0         0         0         0         0         16      
   21        21        0.49      0         0         0         2.2e-13   0         0         16      
   21        21        0.49      0         0         0         0         0         0         16      
   21        21        0.49      0         0         0         0         0         0         16      
   21        21        0.49      0         0         0         2.2e-13   0         0         16      
   21        21        0.49      0         0         0         0         0         0         16      
   21        21        0.49      0         0         0         0         0         0         16      
   6.4       9.3       13       -6.4e-13   0.087    -7.5e-15   7.3e-15  -4.4e-16  -3.3e-16   30      
   1.5       0.57      1.9      -0.14      0.037     0.31     -0.22     -1.8       0.39      2.3     
   0.82      0.2       0.94      0.27     -0.057     0.16      0.34     -0.94      0.19      1.1     
   1.5       0.57      1.9       0.14      0.037    -0.31     -0.22      1.8       0.39      2.3     
   0.82      0.2       0.94     -0.27     -0.057    -0.16      0.34      0.94      0.19      1.1     

QM
   30      
   0         30      
   0         0         30      
  -2e-13     0.9      -1.6e-13   6.4     
  -0.9      -2e-13    -0.51      1.7e-14   9.3     
  -4.6e-14  -0.51      5.3e-17  -0.1       3.2e-14   13      
   0.21      1.6       2.6e-06   0.31     -0.043     0.48      1.6     
  -0.044     0.34     -5.3e-07   0.067     0.0088    0.13      0.43      0.17    
   0.21     -1.6       2.6e-06  -0.31     -0.043    -0.48                          1.6     
  -0.044    -0.34     -5.3e-07  -0.067     0.0088   -0.13                          0.43      0.17    

QLD
     0:  30      
     0:  3.2e-14    1:  27      
     0: -0.0015     1: -2.1e-16    2:  30      
     0: -1.1e-15    1:  0.033      2: -2.6e-14    3:  6.2     
     0: -0.088      1: -2.4e-14    2: -0.055      3:  1.1e-15    4:  9.3     
     0:  2.6e-14    1: -0.12       2:  1.2e-17    3: -0.023      4: -6.4e-17    5:  13      
     0:  0.64       1:  1.4        2:  7.7e-06    3:  0.28       4: -0.13       5:  0.33       6:  0.51    
     0: -0.26       1:  2          2: -3.1e-06    3:  0.4        4:  0.052      5:  0.74       6:  2.5        7:  0.17    
     0:  0.64       1: -1.4        2:  7.7e-06    3: -0.28       4: -0.13       5: -0.33       8:  0.51    
     0: -0.26       1: -2          2: -3.1e-06    3: -0.4        4:  0.052      5: -0.74       8:  2.5        9:  0.17    

QLDIAGINV
   0.033   
   0.037   
   0.033   
   0.16    
   0.11    
   0.078   
   2       
   5.9     
   2       
   5.9     

B: body-dof matrix
------------
 xxxxxxxxxx |
            |
            |
            |
            |
            |
            |
            |
            |
            |
            |
            |
            |
            |
            |
            |
            |
            |
            |
            |
            |
            |
            |
            |
            |
            |
            |
            |
            |
            |
            |
            |
            |
            |
            |
            |
            |
            |
            |
            |
            |
 xxxxxxxxxx |
 xxxxxxxx   |
 xxxxxxxx   |
 xxxxxx  xx |
 xxxxxx  xx |
------------

B_rownnz              10 0 0 0 0 0 0 0 0 0 0 0 0 0 0 0 0 0 0 0 0 0 0 0 0 0 0 0 0 0 0 0 0 0 0 0 0 0 0 0 0 10 8 8 8 8

B_rowadr              0 10 10 10 10 10 10 10 10 10 10 10 10 10 10 10 10 10 10 10 10 10 10 10 10 10 10 10 10 10 10 10 10 10 10 10 10 10 10 10 10 10 20 28 36 44

B_colind              0 1 2 3 4 5 6 7 8 9 0 1 2 3 4 5 6 7 8 9 0 1 2 3 4 5 6 7 0 1 2 3 4 5 6 7 0 1 2 3 4 5 8 9 0 1 2 3 4 5 8 9

C: reduced dof-dof matrix
------------
 x          |
 xx         |
 xxx        |
 xxxx       |
 xxxxx      |
 xxxxxx     |
 xxxxxxx    |
 xxxxxxxx   |
 xxxxxx  x  |
 xxxxxx  xx |
------------

C_rownnz              1 2 3 4 5 6 7 8 7 8

C_rowadr              0 1 3 6 10 15 21 28 36 43

C_colind              0 0 1 0 1 2 0 1 2 3 0 1 2 3 4 0 1 2 3 4 5 0 1 2 3 4 5 6 0 1 2 3 4 5 6 7 0 1 2 3 4 5 8 0 1 2 3 4 5 8 9

mapM2C                0 2 1 5 4 3 9 8 7 6 14 13 12 11 10 20 19 18 17 16 15 27 26 25 24 23 22 21 35 34 33 32 31 30 29 28 42 41 40 39 38 37 36 50 49 48 47 46 45 44 43

D: dof-dof matrix
------------
 Dxxxxxxxxx |
 xDxxxxxxxx |
 xxDxxxxxxx |
 xxxDxxxxxx |
 xxxxDxxxxx |
 xxxxxDxxxx |
 xxxxxxDx   |
 xxxxxxxD   |
 xxxxxx  Dx |
 xxxxxx  xD |
------------

D_rownnz              10 10 10 10 10 10 8 8 8 8

D_rowadr              0 10 20 30 40 50 60 68 76 84

D_colind              0 1 2 3 4 5 6 7 8 9 0 1 2 3 4 5 6 7 8 9 0 1 2 3 4 5 6 7 8 9 0 1 2 3 4 5 6 7 8 9 0 1 2 3 4 5 6 7 8 9 0 1 2 3 4 5 6 7 8 9 0 1 2 3 4 5 6 7 0 1 2 3 4 5 6 7 0 1 2 3 4 5 8 9 0 1 2 3 4 5 8 9

mapM2D                0 2 5 9 14 20 27 35 42 50 2 1 4 8 13 19 26 34 41 49 5 4 3 7 12 18 25 33 40 48 9 8 7 6 11 17 24 32 39 47 14 13 12 11 10 16 23 31 38 46 20 19 18 17 16 15 22 30 37 45 27 26 25 24 23 22 21 29 35 34 33 32 31 30 29 28 42 41 40 39 38 37 36 44 50 49 48 47 46 45 44 43

mapD2M                0 11 10 22 21 20 33 32 31 30 44 43 42 41 40 55 54 53 52 51 50 66 65 64 63 62 61 60 75 74 73 72 71 70 69 68 82 81 80 79 78 77 76 91 90 89 88 87 86 85 84

QDERIV
     0:  0          1:  0          2:  0          3:  0          4:  0          5:  0          6:  0          7:  0          8:  0          9:  0       
     0:  0          1:  0          2:  0          3:  0          4:  0          5:  0          6:  0          7:  0          8:  0          9:  0       
     0:  0          1:  0          2:  0          3:  0          4:  0          5:  0          6:  0          7:  0          8:  0          9:  0       
     0:  0          1:  0          2:  0          3:  0          4:  0          5:  0          6:  0          7:  0          8:  0          9:  0       
     0:  0          1:  0          2:  0          3:  0          4:  0          5:  0          6:  0          7:  0          8:  0          9:  0       
     0:  0          1:  0          2:  0          3:  0          4:  0          5:  0          6:  0          7:  0          8:  0          9:  0       
     0:  0          1:  0          2:  0          3:  0          4:  0          5:  0          6:  0          7:  0       
     0:  0          1:  0          2:  0          3:  0          4:  0          5:  0          6:  0          7:  0       
     0:  0          1:  0          2:  0          3:  0          4:  0          5:  0          8:  0          9:  0       
     0:  0          1:  0          2:  0          3:  0          4:  0          5:  0          8:  0          9:  0       

QLU
     0:  0          1:  0          2:  0          3:  0          4:  0          5:  0          6:  0          7:  0          8:  0          9:  0       
     0:  0          1:  0          2:  0          3:  0          4:  0          5:  0          6:  0          7:  0          8:  0          9:  0       
     0:  0          1:  0          2:  0          3:  0          4:  0          5:  0          6:  0          7:  0          8:  0          9:  0       
     0:  0          1:  0          2:  0          3:  0          4:  0          5:  0          6:  0          7:  0          8:  0          9:  0       
     0:  0          1:  0          2:  0          3:  0          4:  0          5:  0          6:  0          7:  0          8:  0          9:  0       
     0:  0          1:  0          2:  0          3:  0          4:  0          5:  0          6:  0          7:  0          8:  0          9:  0       
     0:  0          1:  0          2:  0          3:  0          4:  0          5:  0          6:  0          7:  0       
     0:  0          1:  0          2:  0          3:  0          4:  0          5:  0          6:  0          7:  0       
     0:  0          1:  0          2:  0          3:  0          4:  0          5:  0          8:  0          9:  0       
     0:  0          1:  0          2:  0          3:  0          4:  0          5:  0          8:  0          9:  0       

CONTACT
  0:
     dim           3
     geoms         ground : turtle_shell
     exclude       0
     efc_address   0
     solref         0.005     1       
     solimp         0.9       0.95      0.001     0.5       2       
     dist           0.005   
     includemargin  0.005   
     pos            2.1       0.5       0.0025  
     frame          0         0         1         0         1         0        -1         0         0       
     friction       0.03      0.03      0.03      0.001     0.001   
     mu             0.03    
  1:
     dim           3
     geoms         ground : turtle_shell
     exclude       0
     efc_address   4
     solref         0.005     1       
     solimp         0.9       0.95      0.001     0.5       2       
     dist           0.005   
     includemargin  0.005   
     pos            0.33      0.5       0.0025  
     frame          0         0         1         0         1         0        -1         0         0       
     friction       0.03      0.03      0.03      0.001     0.001   
     mu             0.03    
  2:
     dim           3
     geoms         ground : turtle_shell
     exclude       0
     efc_address   8
     solref         0.005     1       
     solimp         0.9       0.95      0.001     0.5       2       
     dist           0.005   
     includemargin  0.005   
     pos            2.1      -0.5       0.0025  
     frame          0         0         1         0         1         0        -1         0         0       
     friction       0.03      0.03      0.03      0.001     0.001   
     mu             0.03    
  3:
     dim           3
     geoms         ground : turtle_shell
     exclude       0
     efc_address   12
     solref         0.005     1       
     solimp         0.9       0.95      0.001     0.5       2       
     dist           0.005   
     includemargin  0.005   
     pos            0.33     -0.5       0.0025  
     frame          0         0         1         0         1         0        -1         0         0       
     friction       0.03      0.03      0.03      0.001     0.001   
     mu             0.03    

EFC_TYPE
  6
  6
  6
  6
  6
  6
  6
  6
  6
  6
  6
  6
  6
  6
  6
  6

EFC_ID
  0
  0
  0
  0
  1
  1
  1
  1
  2
  2
  2
  2
  3
  3
  3
  3

EFC_J
   0         0.03      1        -0.51      0.9       0.027     0         0         0         0       
   0        -0.03      1        -0.49      0.9      -0.027     0         0         0         0       
  -0.03      0         1        -0.5       0.89      0.015     0         0         0         0       
   0.03      0         1        -0.5       0.91     -0.015     0         0         0         0       
   0         0.03      1        -0.51     -0.9      -0.027     0         0         0         0       
   0        -0.03      1        -0.49     -0.9       0.027     0         0         0         0       
  -0.03      0         1        -0.5      -0.91      0.015     0         0         0         0       
   0.03      0         1        -0.5      -0.89     -0.015     0         0         0         0       
   0         0.03      1         0.49      0.9       0.027     0         0         0         0       
   0        -0.03      1         0.51      0.9      -0.027     0         0         0         0       
  -0.03      0         1         0.5       0.89     -0.015     0         0         0         0       
   0.03      0         1         0.5       0.91      0.015     0         0         0         0       
   0         0.03      1         0.49     -0.9      -0.027     0         0         0         0       
   0        -0.03      1         0.51     -0.9       0.027     0         0         0         0       
  -0.03      0         1         0.5      -0.91     -0.015     0         0         0         0       
   0.03      0         1         0.5      -0.89      0.015     0         0         0         0       

EFC_POS
   0.005   
   0.005   
   0.005   
   0.005   
   0.005   
   0.005   
   0.005   
   0.005   
   0.005   
   0.005   
   0.005   
   0.005   
   0.005   
   0.005   
   0.005   
   0.005   

EFC_MARGIN
   0.005   
   0.005   
   0.005   
   0.005   
   0.005   
   0.005   
   0.005   
   0.005   
   0.005   
   0.005   
   0.005   
   0.005   
   0.005   
   0.005   
   0.005   
   0.005   

EFC_FRICTIONLOSS
   0       
   0       
   0       
   0       
   0       
   0       
   0       
   0       
   0       
   0       
   0       
   0       
   0       
   0       
   0       
   0       

EFC_DIAGAPPROX
   6.3e-05 
   6.3e-05 
   6.3e-05 
   6.3e-05 
   6.3e-05 
   6.3e-05 
   6.3e-05 
   6.3e-05 
   6.3e-05 
   6.3e-05 
   6.3e-05 
   6.3e-05 
   6.3e-05 
   6.3e-05 
   6.3e-05 
   6.3e-05 

EFC_KBIP
   4.4e+04   4.2e+02   0.9      -0.096   
   4.4e+04   4.2e+02   0.9      -0.096   
   4.4e+04   4.2e+02   0.9      -0.096   
   4.4e+04   4.2e+02   0.9      -0.096   
   4.4e+04   4.2e+02   0.9      -4.4     
   4.4e+04   4.2e+02   0.9      -4.4     
   4.4e+04   4.2e+02   0.9      -4.4     
   4.4e+04   4.2e+02   0.9      -4.4     
   4.4e+04   4.2e+02   0.9      -0.096   
   4.4e+04   4.2e+02   0.9      -0.096   
   4.4e+04   4.2e+02   0.9      -0.096   
   4.4e+04   4.2e+02   0.9      -0.096   
   4.4e+04   4.2e+02   0.9      -4.4     
   4.4e+04   4.2e+02   0.9      -4.4     
   4.4e+04   4.2e+02   0.9      -4.4     
   4.4e+04   4.2e+02   0.9      -4.4     

EFC_D
   1.4e+05 
   1.4e+05 
   1.4e+05 
   1.4e+05 
   1.4e+05 
   1.4e+05 
   1.4e+05 
   1.4e+05 
   1.4e+05 
   1.4e+05 
   1.4e+05 
   1.4e+05 
   1.4e+05 
   1.4e+05 
   1.4e+05 
   1.4e+05 

EFC_R
   7.1e-06 
   7.1e-06 
   7.1e-06 
   7.1e-06 
   7.1e-06 
   7.1e-06 
   7.1e-06 
   7.1e-06 
   7.1e-06 
   7.1e-06 
   7.1e-06 
   7.1e-06 
   7.1e-06 
   7.1e-06 
   7.1e-06 
   7.1e-06 

ACTUATOR_VELOCITY
  -14      
  -16      
  -14      
  -16      

CVEL
   0         0         0         0         0         0       
   0         0         0         0         0         0       
   0         0         0         0         0         0       
   0         0         0         0         0         0       
   0         0         0         0         0         0       
   0         0         0         0         0         0       
   0         0         0         0         0         0       
   0         0         0         0         0         0       
   0         0         0         0         0         0       
   0         0         0         0         0         0       
   0         0         0         0         0         0       
   0         0         0         0         0         0       
   0         0         0         0         0         0       
   0         0         0         0         0         0       
   0         0         0         0         0         0       
   0         0         0         0         0         0       
   0         0         0         0         0         0       
   0         0         0         0         0         0       
   0         0         0         0         0         0       
   0         0         0         0         0         0       
   0         0         0         0         0         0       
   0         0         0         0         0         0       
   0         0         0         0         0         0       
   0         0         0         0         0         0       
   0         0         0         0         0         0       
   0         0         0         0         0         0       
   0         0         0         0         0         0       
   0         0         0         0         0         0       
   0         0         0         0         0         0       
   0         0         0         0         0         0       
   0         0         0         0         0         0       
   0         0         0         0         0         0       
   0         0         0         0         0         0       
   0         0         0         0         0         0       
   0         0         0         0         0         0       
   0         0         0         0         0         0       
   0         0         0         0         0         0       
   0         0         0         0         0         0       
   0         0         0         0         0         0       
   0         0         0         0         0         0       
   0         0         0         0         0         0       
   7.7e-16  -0.0016    3.4e-13   0.027     1e-15    -0.00027 
   4.1e-07  -0.0016   -0.034     0.051    -0.027    -0.00027 
   9.1e-07  -0.0016   -0.075     0.087    -0.027    -0.00027 
  -4.1e-07  -0.0016    0.034     0.051     0.027    -0.00027 
  -9.1e-07  -0.0016    0.075     0.087     0.027    -0.00027 

CDOF_DOT
   0         0         0         0         0         0       
   0         0         0         0         0         0       
   0         0         0         0         0         0       
   0         0         0        -5.4e-17   0.00024   6e-16   
   0         0        -0        -0.00024  -5.7e-17  -0.027   
   0        -0         0         6.7e-15  -0.027     2.9e-18 
  -0.0016   -7.7e-16  -2e-08     1.4e-08  -0.027    -0.0011  
  -0.0016   -7.7e-16  -2e-08    -0.027    -0.022    -0.0014  
   0.0016    7.7e-16   2e-08     1.4e-08   0.027    -0.0011  
   0.0016    7.7e-16   2e-08    -0.027     0.022    -0.0014  

QFRC_BIAS
  -0.0067  
  -1.1e-14 
   3e+02   
  -1.6e-12 
  -5       
   9.9e-14 
  -0.00038 
   0.0001  
  -0.00038 
   0.0001  

QFRC_SPRING
   0       
   0       
   0       
   0       
   0       
   0       
   0       
   0       
   0       
   0       

QFRC_DAMPER
  -0.027   
  -6.7e-15 
   0.00024 
   4.1e-16 
  -0.0016  
  -3.4e-13 
   0.034   
   0.041   
   0.034   
   0.041   

QFRC_GRAVCOMP
   0       
   0       
   0       
   0       
   0       
   0       
   0       
   0       
   0       
   0       

QFRC_FLUID
   0       
   0       
   0       
   0       
   0       
   0       
   0       
   0       
   0       
   0       

QFRC_PASSIVE
  -0.027   
  -6.7e-15 
   0.00024 
   4.1e-16 
  -0.0016  
  -3.4e-13 
   0.034   
   0.041   
   0.034   
   0.041   

EFC_VEL
   0.0012  
   0.0012  
   0.00039 
   0.0021  
  -0.0017  
  -0.0017  
  -0.0026  
  -0.00088 
   0.0012  
   0.0012  
   0.00039 
   0.0021  
  -0.0017  
  -0.0017  
  -0.0026  
  -0.00088 

EFC_AREF
  -0.5     
  -0.5     
  -0.15    
  -0.85    
   1.6     
   1.6     
   2       
   1.3     
  -0.5     
  -0.5     
  -0.15    
  -0.85    
   1.6     
   1.6     
   2       
   1.3     

SUBTREE_LINVEL
   0         0         0       
   0         0         0       
   0         0         0       
   0         0         0       
   0         0         0       
   0         0         0       
   0         0         0       
   0         0         0       
   0         0         0       
   0         0         0       
   0         0         0       
   0         0         0       
   0         0         0       
   0         0         0       
   0         0         0       
   0         0         0       
   0         0         0       
   0         0         0       
   0         0         0       
   0         0         0       
   0         0         0       
   0         0         0       
   0         0         0       
   0         0         0       
   0         0         0       
   0         0         0       
   0         0         0       
   0         0         0       
   0         0         0       
   0         0         0       
   0         0         0       
   0         0         0       
   0         0         0       
   0         0         0       
   0         0         0       
   0         0         0       
   0         0         0       
   0         0         0       
   0         0         0       
   0         0         0       
   0         0         0       
   0         0         0       
   0         0         0       
   0         0         0       
   0         0         0       
   0         0         0       

SUBTREE_ANGMOM
   0         0         0       
   0         0         0       
   0         0         0       
   0         0         0       
   0         0         0       
   0         0         0       
   0         0         0       
   0         0         0       
   0         0         0       
   0         0         0       
   0         0         0       
   0         0         0       
   0         0         0       
   0         0         0       
   0         0         0       
   0         0         0       
   0         0         0       
   0         0         0       
   0         0         0       
   0         0         0       
   0         0         0       
   0         0         0       
   0         0         0       
   0         0         0       
   0         0         0       
   0         0         0       
   0         0         0       
   0         0         0       
   0         0         0       
   0         0         0       
   0         0         0       
   0         0         0       
   0         0         0       
   0         0         0       
   0         0         0       
   0         0         0       
   0         0         0       
   0         0         0       
   0         0         0       
   0         0         0       
   0         0         0       
   0         0         0       
   0         0         0       
   0         0         0       
   0         0         0       
   0         0         0       

ACTUATOR_FORCE
   0       
   0       
   0       
   0       

QFRC_ACTUATOR
   0       
   0       
   0       
   0       
   0       
   0       
   0       
   0       
   0       
   0       

QFRC_SMOOTH
  -0.021   
   4.3e-15 
  -3e+02   
   1.6e-12 
   5       
  -4.4e-13 
   0.035   
   0.041   
   0.035   
   0.041   

QACC_SMOOTH
   0.0029  
   4.8e-15 
  -9.8     
   2.8e-15 
  -0.0024  
  -3.1e-14 
  -0.14    
   0.59    
  -0.14    
   0.59    

EFC_B
  -9.3     
  -9.3     
  -9.7     
  -9       
  -11      
  -11      
  -12      
  -11      
  -9.3     
  -9.3     
  -9.7     
  -9       
  -11      
  -11      
  -12      
  -11      

EFC_FORCE
   0       
   0       
   78      
   0       
   0       
   0       
   85      
   0       
   0       
   0       
   78      
   0       
   0       
   0       
   85      
   0       

EFC_STATE
  0
  0
  1
  0
  0
  0
  1
  0
  0
  0
  1
  0
  0
  0
  1
  0

QFRC_CONSTRAINT
  -9.8     
   0       
   3.3e+02 
   1.2e-11 
  -16      
  -4.7e-13 
   0       
   0       
   0       
   0       

QFRC_INVERSE
   0       
   0       
   0       
   0       
   0       
   0       
   0       
   0       
   0       
   0       

CACC
   0         0         0        -0        -0         9.8     
   0         0         0         0         0         9.8     
   0         0         0         0         0         9.8     
   0         0         0         0         0         9.8     
   0         0         0         0         0         9.8     
   0         0         0         0         0         9.8     
   0         0         0         0         0         9.8     
   0         0         0         0         0         9.8     
   0         0         0         0         0         9.8     
   0         0         0         0         0         9.8     
   0         0         0         0         0         9.8     
   0         0         0         0         0         9.8     
   0         0         0         0         0         9.8     
   0         0         0         0         0         9.8     
   0         0         0         0         0         9.8     
   0         0         0         0         0         9.8     
   0         0         0         0         0         9.8     
   0         0         0         0         0         9.8     
   0         0         0         0         0         9.8     
   0         0         0         0         0         9.8     
   0         0         0         0         0         9.8     
   0         0         0         0         0         9.8     
   0         0         0         0         0         9.8     
   0         0         0         0         0         9.8     
   0         0         0         0         0         9.8     
   0         0         0         0         0         9.8     
   0         0         0         0         0         9.8     
   0         0         0         0         0         9.8     
   0         0         0         0         0         9.8     
   0         0         0         0         0         9.8     
   0         0         0         0         0         9.8     
   0         0         0         0         0         9.8     
   0         0         0         0         0         9.8     
   0         0         0         0         0         9.8     
   0         0         0         0         0         9.8     
   0         0         0         0         0         9.8     
   0         0         0         0         0         9.8     
   0         0         0         0         0         9.8     
   0         0         0         0         0         9.8     
   0         0         0         0         0         9.8     
   0         0         0         0         0         9.8     
  -5.3e-13   2.5       8.8e-14  -0.35      9.4e-15   12      
   0.00018   2.5      -0.18     -0.22     -0.14      12      
   0.00041   2.5       0.54     -0.85     -0.14      12      
  -0.00018   2.5       0.18     -0.22      0.14      12      
  -0.00041   2.5      -0.54     -0.85      0.14      12      

CFRC_INT
  -2.9e-12   0.0062    1.1e-12  -0.028    -3.6e-15   6.2e+03 
   0         0         0         0         0         1.5e+02 
   0         0         0         0         0         1.5e+02 
   0        -1.4e-13   0         0         0         1.5e+02 
   0         0         0         0         0         1.5e+02 
   0         0         0         0         0         1.5e+02 
   0         0         0         0         0         1.5e+02 
   0        -5.5e-13   0         0         0         1.5e+02 
   0         0         0         0         0         1.5e+02 
   0         0         0         0         0         1.5e+02 
   0         0         0         0         0         1.5e+02 
   0         0         0         0         0         1.5e+02 
   0         0         0         0         0         1.5e+02 
   0         0         0         0         0         1.5e+02 
   0         0         0         0         0         1.5e+02 
   0        -2.2e-12   0         0         0         1.5e+02 
   0         0         0         0         0         1.5e+02 
   0         0         0         0         0         1.5e+02 
   0        -2.2e-12   0         0         0         1.5e+02 
   0         0         0         0         0         1.5e+02 
   0         0         0         0         0         1.5e+02 
   0         0         0         0         0         1.5e+02 
   0         0         0         0         0         1.5e+02 
   0        -1.4e-13   0         0         0         1.5e+02 
   0         0         0         0         0         1.5e+02 
   0         0         0         0         0         1.5e+02 
   0         0         0         0         0         1.5e+02 
   0        -5.5e-13   0         0         0         1.5e+02 
   0         0         0         0         0         1.5e+02 
   0         0         0         0         0         1.5e+02 
   0         0         0         0         0         1.5e+02 
   0         0         0         0         0         1.5e+02 
   0         0         0         0         0         1.5e+02 
   0         0         0         0         0         1.5e+02 
   0         0         0         0         0         1.5e+02 
   0        -2.2e-12   0         0         0         1.5e+02 
   0         0         0         0         0         1.5e+02 
   0         0         0         0         0         1.5e+02 
   0        -2.2e-12   0         0         0         1.5e+02 
   0         0         0         0         0         1.5e+02 
   0         0         0         0         0         1.5e+02 
  -2.9e-12   0.0062    1.1e-12  -0.028    -3.6e-15   0.0033  
  -22        3.8       0.12      0.076    -0.041     27      
  -10       -3.6       0.054     0.014     0.02      13      
   22        3.8      -0.12      0.076     0.041     27      
   10       -3.6      -0.054     0.014    -0.02      13      

CFRC_EXT
   0         0         0         0         0         0       
   0         0         0         0         0         0       
   0         0         0         0         0         0       
   0         0         0         0         0         0       
   0         0         0         0         0         0       
   0         0         0         0         0         0       
   0         0         0         0         0         0       
   0         0         0         0         0         0       
   0         0         0         0         0         0       
   0         0         0         0         0         0       
   0         0         0         0         0         0       
   0         0         0         0         0         0       
   0         0         0         0         0         0       
   0         0         0         0         0         0       
   0         0         0         0         0         0       
   0         0         0         0         0         0       
   0         0         0         0         0         0       
   0         0         0         0         0         0       
   0         0         0         0         0         0       
   0         0         0         0         0         0       
   0         0         0         0         0         0       
   0         0         0         0         0         0       
   0         0         0         0         0         0       
   0         0         0         0         0         0       
   0         0         0         0         0         0       
   0         0         0         0         0         0       
   0         0         0         0         0         0       
   0         0         0         0         0         0       
   0         0         0         0         0         0       
   0         0         0         0         0         0       
   0         0         0         0         0         0       
   0         0         0         0         0         0       
   0         0         0         0         0         0       
   0         0         0         0         0         0       
   0         0         0         0         0         0       
   0         0         0         0         0         0       
   0         0         0         0         0         0       
   0         0         0         0         0         0       
   0         0         0         0         0         0       
   0         0         0         0         0         0       
   0         0         0         0         0         0       
  -1.9e-12   23       -5.8e-14  -11        0         3.6e+02 
   0         0         0         0         0         0       
   0         0         0         0         0         0       
   0         0         0         0         0         0       
   0         0         0         0         0         0       

